Sporici ucet, rocni urokova mira 5.61 %
Stav uctu na zacatku roku 2024 je 10000.00
--------------------------------------31. 1.2024
--------------------------------------
   Datum  | Stav uctu | Urok | Vklad
--------------------------------------
 1. 1.2024 | 10000.00 | 1.54 | 10000.00
 2. 1.2024 | 10001.54 | 1.54 | 10000.00
 3. 1.2024 | 10003.07 | 1.54 | 10000.00
 4. 1.2024 | 10004.61 | 1.54 | 10000.00
 5. 1.2024 | 10006.15 | 1.54 | 10000.00
 6. 1.2024 | 10007.69 | 1.54 | 10000.00
 7. 1.2024 | 10009.23 | 1.54 | 10000.00
 8. 1.2024 | 10010.76 | 1.54 | 10000.00
 9. 1.2024 | 10012.30 | 1.54 | 10000.00
10. 1.2024 | 10013.84 | 1.54 | 10000.00
11. 1.2024 | 10015.38 | 1.54 | 10000.00
12. 1.2024 | 10016.92 | 1.54 | 10000.00
13. 1.2024 | 10018.46 | 1.54 | 10000.00
14. 1.2024 | 10020.00 | 1.54 | 10000.00
15. 1.2024 | 10021.54 | 1.54 | 10000.00
16. 1.2024 | 20023.08 | 3.08 | 10000.00
17. 1.2024 | 20026.16 | 3.08 | 10000.00
18. 1.2024 | 20029.24 | 3.08 | 10000.00
19. 1.2024 | 20032.31 | 3.08 | 10000.00
20. 1.2024 | 20035.39 | 3.08 | 10000.00
21. 1.2024 | 20038.47 | 3.08 | 10000.00
22. 1.2024 | 20041.55 | 3.08 | 10000.00
23. 1.2024 | 20044.63 | 3.08 | 10000.00
24. 1.2024 | 20047.71 | 3.08 | 10000.00
25. 1.2024 | 20050.79 | 3.08 | 10000.00
26. 1.2024 | 20053.88 | 3.08 | 10000.00
27. 1.2024 | 20056.96 | 3.08 | 10000.00
28. 1.2024 | 20060.04 | 3.08 | 10000.00
29. 1.2024 | 20063.12 | 3.08 | 10000.00
30. 1.2024 | 20066.21 | 3.08 | 10000.00
31. 1.2024 | 20069.29 | 3.08 | 10000.00
--------------------------------------
29. 2.2024
--------------------------------------
   Datum  | Stav uctu | Urok | Vklad
--------------------------------------
 1. 2.2024 | 20072.38 | 3.09 | 10000.00
 2. 2.2024 | 20075.46 | 3.09 | 10000.00
 3. 2.2024 | 20078.55 | 3.09 | 10000.00
 4. 2.2024 | 20081.63 | 3.09 | 10000.00
 5. 2.2024 | 20084.72 | 3.09 | 10000.00
 6. 2.2024 | 20087.81 | 3.09 | 10000.00
 7. 2.2024 | 20090.90 | 3.09 | 10000.00
 8. 2.2024 | 20093.98 | 3.09 | 10000.00
 9. 2.2024 | 20097.07 | 3.09 | 10000.00
10. 2.2024 | 20100.16 | 3.09 | 10000.00
11. 2.2024 | 20103.25 | 3.09 | 10000.00
12. 2.2024 | 20106.34 | 3.09 | 10000.00
13. 2.2024 | 20109.43 | 3.09 | 10000.00
14. 2.2024 | 20112.52 | 3.09 | 10000.00
15. 2.2024 | 20115.61 | 3.09 | 10000.00
16. 2.2024 | 30118.71 | 4.63 | 10000.00
17. 2.2024 | 30123.33 | 4.63 | 10000.00
18. 2.2024 | 30127.96 | 4.63 | 10000.00
19. 2.2024 | 30132.60 | 4.63 | 10000.00
20. 2.2024 | 30137.23 | 4.63 | 10000.00
21. 2.2024 | 30141.86 | 4.63 | 10000.00
22. 2.2024 | 30146.49 | 4.63 | 10000.00
23. 2.2024 | 30151.12 | 4.63 | 10000.00
24. 2.2024 | 30155.76 | 4.63 | 10000.00
25. 2.2024 | 30160.39 | 4.64 | 10000.00
26. 2.2024 | 30165.03 | 4.64 | 10000.00
27. 2.2024 | 30169.67 | 4.64 | 10000.00
28. 2.2024 | 30174.30 | 4.64 | 10000.00
29. 2.2024 | 30178.94 | 4.64 | 10000.00
--------------------------------------
31. 3.2024
--------------------------------------
   Datum  | Stav uctu | Urok | Vklad
--------------------------------------
 1. 3.2024 | 30183.58 | 4.64 | 10000.00
 2. 3.2024 | 30188.22 | 4.64 | 10000.00
 3. 3.2024 | 30192.86 | 4.64 | 10000.00
 4. 3.2024 | 30197.50 | 4.64 | 10000.00
 5. 3.2024 | 30202.14 | 4.64 | 10000.00
 6. 3.2024 | 30206.78 | 4.64 | 10000.00
 7. 3.2024 | 30211.43 | 4.64 | 10000.00
 8. 3.2024 | 30216.07 | 4.64 | 10000.00
 9. 3.2024 | 30220.71 | 4.64 | 10000.00
10. 3.2024 | 30225.36 | 4.65 | 10000.00
11. 3.2024 | 30230.00 | 4.65 | 10000.00
12. 3.2024 | 30234.65 | 4.65 | 10000.00
13. 3.2024 | 30239.30 | 4.65 | 10000.00
14. 3.2024 | 30243.95 | 4.65 | 10000.00
15. 3.2024 | 30248.59 | 4.65 | 10000.00
16. 3.2024 | 40253.24 | 6.19 | 10000.00
17. 3.2024 | 40259.43 | 6.19 | 10000.00
18. 3.2024 | 40265.62 | 6.19 | 10000.00
19. 3.2024 | 40271.80 | 6.19 | 10000.00
20. 3.2024 | 40278.00 | 6.19 | 10000.00
21. 3.2024 | 40284.19 | 6.19 | 10000.00
22. 3.2024 | 40290.38 | 6.19 | 10000.00
23. 3.2024 | 40296.57 | 6.19 | 10000.00
24. 3.2024 | 40302.77 | 6.19 | 10000.00
25. 3.2024 | 40308.96 | 6.20 | 10000.00
26. 3.2024 | 40315.16 | 6.20 | 10000.00
27. 3.2024 | 40321.35 | 6.20 | 10000.00
28. 3.2024 | 40327.55 | 6.20 | 10000.00
29. 3.2024 | 40333.75 | 6.20 | 10000.00
30. 3.2024 | 40339.95 | 6.20 | 10000.00
31. 3.2024 | 40346.15 | 6.20 | 10000.00
--------------------------------------
30. 4.2024
--------------------------------------
   Datum  | Stav uctu | Urok | Vklad
--------------------------------------
 1. 4.2024 | 40352.35 | 6.20 | 10000.00
 2. 4.2024 | 40358.55 | 6.20 | 10000.00
 3. 4.2024 | 40364.75 | 6.20 | 10000.00
 4. 4.2024 | 40370.96 | 6.20 | 10000.00
 5. 4.2024 | 40377.16 | 6.21 | 10000.00
 6. 4.2024 | 40383.37 | 6.21 | 10000.00
 7. 4.2024 | 40389.57 | 6.21 | 10000.00
 8. 4.2024 | 40395.78 | 6.21 | 10000.00
 9. 4.2024 | 40401.99 | 6.21 | 10000.00
10. 4.2024 | 40408.20 | 6.21 | 10000.00
11. 4.2024 | 40414.41 | 6.21 | 10000.00
12. 4.2024 | 40420.62 | 6.21 | 10000.00
13. 4.2024 | 40426.83 | 6.21 | 10000.00
14. 4.2024 | 40433.05 | 6.21 | 10000.00
15. 4.2024 | 40439.26 | 6.22 | 10000.00
16. 4.2024 | 50445.48 | 7.75 | 10000.00
17. 4.2024 | 50453.23 | 7.75 | 10000.00
18. 4.2024 | 50460.98 | 7.76 | 10000.00
19. 4.2024 | 50468.74 | 7.76 | 10000.00
20. 4.2024 | 50476.50 | 7.76 | 10000.00
21. 4.2024 | 50484.25 | 7.76 | 10000.00
22. 4.2024 | 50492.01 | 7.76 | 10000.00
23. 4.2024 | 50499.77 | 7.76 | 10000.00
24. 4.2024 | 50507.54 | 7.76 | 10000.00
25. 4.2024 | 50515.30 | 7.76 | 10000.00
26. 4.2024 | 50523.06 | 7.77 | 10000.00
27. 4.2024 | 50530.83 | 7.77 | 10000.00
28. 4.2024 | 50538.59 | 7.77 | 10000.00
29. 4.2024 | 50546.36 | 7.77 | 10000.00
30. 4.2024 | 50554.13 | 7.77 | 10000.00
--------------------------------------
31. 5.2024
--------------------------------------
   Datum  | Stav uctu | Urok | Vklad
--------------------------------------
 1. 5.2024 | 50561.90 | 7.77 | 10000.00
 2. 5.2024 | 50569.67 | 7.77 | 10000.00
 3. 5.2024 | 50577.45 | 7.77 | 10000.00
 4. 5.2024 | 50585.22 | 7.77 | 10000.00
 5. 5.2024 | 50592.99 | 7.78 | 10000.00
 6. 5.2024 | 50600.77 | 7.78 | 10000.00
 7. 5.2024 | 50608.55 | 7.78 | 10000.00
 8. 5.2024 | 50616.32 | 7.78 | 10000.00
 9. 5.2024 | 50624.11 | 7.78 | 10000.00
10. 5.2024 | 50631.89 | 7.78 | 10000.00
11. 5.2024 | 50639.67 | 7.78 | 10000.00
12. 5.2024 | 50647.45 | 7.78 | 10000.00
13. 5.2024 | 50655.24 | 7.79 | 10000.00
14. 5.2024 | 50663.02 | 7.79 | 10000.00
15. 5.2024 | 50670.81 | 7.79 | 10000.00
16. 5.2024 | 60678.60 | 9.33 | 10000.00
17. 5.2024 | 60687.93 | 9.33 | 10000.00
18. 5.2024 | 60697.25 | 9.33 | 10000.00
19. 5.2024 | 60706.58 | 9.33 | 10000.00
20. 5.2024 | 60715.91 | 9.33 | 10000.00
21. 5.2024 | 60725.25 | 9.33 | 10000.00
22. 5.2024 | 60734.58 | 9.33 | 10000.00
23. 5.2024 | 60743.91 | 9.34 | 10000.00
24. 5.2024 | 60753.25 | 9.34 | 10000.00
25. 5.2024 | 60762.59 | 9.34 | 10000.00
26. 5.2024 | 60771.93 | 9.34 | 10000.00
27. 5.2024 | 60781.27 | 9.34 | 10000.00
28. 5.2024 | 60790.61 | 9.34 | 10000.00
29. 5.2024 | 60799.95 | 9.34 | 10000.00
30. 5.2024 | 60809.30 | 9.35 | 10000.00
31. 5.2024 | 60818.64 | 9.35 | 10000.00
--------------------------------------
30. 6.2024
--------------------------------------
   Datum  | Stav uctu | Urok | Vklad
--------------------------------------
 1. 6.2024 | 60827.99 | 9.35 | 10000.00
 2. 6.2024 | 60837.34 | 9.35 | 10000.00
 3. 6.2024 | 60846.69 | 9.35 | 10000.00
 4. 6.2024 | 60856.04 | 9.35 | 10000.00
 5. 6.2024 | 60865.39 | 9.35 | 10000.00
 6. 6.2024 | 60874.75 | 9.36 | 10000.00
 7. 6.2024 | 60884.11 | 9.36 | 10000.00
 8. 6.2024 | 60893.46 | 9.36 | 10000.00
 9. 6.2024 | 60902.82 | 9.36 | 10000.00
10. 6.2024 | 60912.18 | 9.36 | 10000.00
11. 6.2024 | 60921.55 | 9.36 | 10000.00
12. 6.2024 | 60930.91 | 9.36 | 10000.00
13. 6.2024 | 60940.27 | 9.37 | 10000.00
14. 6.2024 | 60949.64 | 9.37 | 10000.00
15. 6.2024 | 60959.01 | 9.37 | 10000.00
16. 6.2024 | 70968.38 | 10.91 | 10000.00
17. 6.2024 | 70979.28 | 10.91 | 10000.00
18. 6.2024 | 70990.19 | 10.91 | 10000.00
19. 6.2024 | 71001.10 | 10.91 | 10000.00
20. 6.2024 | 71012.02 | 10.91 | 10000.00
21. 6.2024 | 71022.93 | 10.92 | 10000.00
22. 6.2024 | 71033.84 | 10.92 | 10000.00
23. 6.2024 | 71044.76 | 10.92 | 10000.00
24. 6.2024 | 71055.68 | 10.92 | 10000.00
25. 6.2024 | 71066.60 | 10.92 | 10000.00
26. 6.2024 | 71077.52 | 10.92 | 10000.00
27. 6.2024 | 71088.45 | 10.93 | 10000.00
28. 6.2024 | 71099.38 | 10.93 | 10000.00
29. 6.2024 | 71110.30 | 10.93 | 10000.00
30. 6.2024 | 71121.23 | 10.93 | 10000.00
--------------------------------------
31. 7.2024
--------------------------------------
   Datum  | Stav uctu | Urok | Vklad
--------------------------------------
 1. 7.2024 | 71132.16 | 10.93 | 10000.00
 2. 7.2024 | 71143.09 | 10.93 | 10000.00
 3. 7.2024 | 71154.03 | 10.94 | 10000.00
 4. 7.2024 | 71164.97 | 10.94 | 10000.00
 5. 7.2024 | 71175.91 | 10.94 | 10000.00
 6. 7.2024 | 71186.84 | 10.94 | 10000.00
 7. 7.2024 | 71197.78 | 10.94 | 10000.00
 8. 7.2024 | 71208.73 | 10.94 | 10000.00
 9. 7.2024 | 71219.67 | 10.95 | 10000.00
10. 7.2024 | 71230.62 | 10.95 | 10000.00
11. 7.2024 | 71241.56 | 10.95 | 10000.00
12. 7.2024 | 71252.52 | 10.95 | 10000.00
13. 7.2024 | 71263.47 | 10.95 | 10000.00
14. 7.2024 | 71274.42 | 10.95 | 10000.00
15. 7.2024 | 71285.38 | 10.96 | 10000.00
16. 7.2024 | 81296.33 | 12.50 | 10000.00
17. 7.2024 | 81308.82 | 12.50 | 10000.00
18. 7.2024 | 81321.32 | 12.50 | 10000.00
19. 7.2024 | 81333.82 | 12.50 | 10000.00
20. 7.2024 | 81346.32 | 12.50 | 10000.00
21. 7.2024 | 81358.82 | 12.50 | 10000.00
22. 7.2024 | 81371.33 | 12.51 | 10000.00
23. 7.2024 | 81383.84 | 12.51 | 10000.00
24. 7.2024 | 81396.34 | 12.51 | 10000.00
25. 7.2024 | 81408.85 | 12.51 | 10000.00
26. 7.2024 | 81421.37 | 12.51 | 10000.00
27. 7.2024 | 81433.88 | 12.52 | 10000.00
28. 7.2024 | 81446.40 | 12.52 | 10000.00
29. 7.2024 | 81458.91 | 12.52 | 10000.00
30. 7.2024 | 81471.44 | 12.52 | 10000.00
31. 7.2024 | 81483.96 | 12.52 | 10000.00
--------------------------------------
31. 8.2024
--------------------------------------
   Datum  | Stav uctu | Urok | Vklad
--------------------------------------
 1. 8.2024 | 81496.48 | 12.53 | 10000.00
 2. 8.2024 | 81509.01 | 12.53 | 10000.00
 3. 8.2024 | 81521.54 | 12.53 | 10000.00
 4. 8.2024 | 81534.07 | 12.53 | 10000.00
 5. 8.2024 | 81546.60 | 12.53 | 10000.00
 6. 8.2024 | 81559.13 | 12.54 | 10000.00
 7. 8.2024 | 81571.67 | 12.54 | 10000.00
 8. 8.2024 | 81584.21 | 12.54 | 10000.00
 9. 8.2024 | 81596.75 | 12.54 | 10000.00
10. 8.2024 | 81609.29 | 12.54 | 10000.00
11. 8.2024 | 81621.84 | 12.55 | 10000.00
12. 8.2024 | 81634.38 | 12.55 | 10000.00
13. 8.2024 | 81646.93 | 12.55 | 10000.00
14. 8.2024 | 81659.48 | 12.55 | 10000.00
15. 8.2024 | 81672.03 | 12.55 | 10000.00
16. 8.2024 | 91684.59 | 14.09 | 10000.00
17. 8.2024 | 91698.68 | 14.09 | 10000.00
18. 8.2024 | 91712.77 | 14.10 | 10000.00
19. 8.2024 | 91726.87 | 14.10 | 10000.00
20. 8.2024 | 91740.97 | 14.10 | 10000.00
21. 8.2024 | 91755.07 | 14.10 | 10000.00
22. 8.2024 | 91769.17 | 14.10 | 10000.00
23. 8.2024 | 91783.27 | 14.11 | 10000.00
24. 8.2024 | 91797.38 | 14.11 | 10000.00
25. 8.2024 | 91811.49 | 14.11 | 10000.00
26. 8.2024 | 91825.60 | 14.11 | 10000.00
27. 8.2024 | 91839.72 | 14.12 | 10000.00
28. 8.2024 | 91853.84 | 14.12 | 10000.00
29. 8.2024 | 91867.95 | 14.12 | 10000.00
30. 8.2024 | 91882.07 | 14.12 | 10000.00
31. 8.2024 | 91896.20 | 14.12 | 10000.00
--------------------------------------
30. 9.2024
--------------------------------------
   Datum  | Stav uctu | Urok | Vklad
--------------------------------------
 1. 9.2024 | 91910.32 | 14.13 | 10000.00
 2. 9.2024 | 91924.45 | 14.13 | 10000.00
 3. 9.2024 | 91938.57 | 14.13 | 10000.00
 4. 9.2024 | 91952.70 | 14.13 | 10000.00
 5. 9.2024 | 91966.84 | 14.14 | 10000.00
 6. 9.2024 | 91980.97 | 14.14 | 10000.00
 7. 9.2024 | 91995.11 | 14.14 | 10000.00
 8. 9.2024 | 92009.25 | 14.14 | 10000.00
 9. 9.2024 | 92023.39 | 14.14 | 10000.00
10. 9.2024 | 92037.53 | 14.15 | 10000.00
11. 9.2024 | 92051.68 | 14.15 | 10000.00
12. 9.2024 | 92065.83 | 14.15 | 10000.00
13. 9.2024 | 92079.98 | 14.15 | 10000.00
14. 9.2024 | 92094.13 | 14.15 | 10000.00
15. 9.2024 | 92108.29 | 14.16 | 10000.00
16. 9.2024 | 102122.45 | 15.70 | 10000.00
17. 9.2024 | 102138.14 | 15.70 | 10000.00
18. 9.2024 | 102153.84 | 15.70 | 10000.00
19. 9.2024 | 102169.54 | 15.70 | 10000.00
20. 9.2024 | 102185.24 | 15.71 | 10000.00
21. 9.2024 | 102200.95 | 15.71 | 10000.00
22. 9.2024 | 102216.66 | 15.71 | 10000.00
23. 9.2024 | 102232.37 | 15.71 | 10000.00
24. 9.2024 | 102248.08 | 15.72 | 10000.00
25. 9.2024 | 102263.80 | 15.72 | 10000.00
26. 9.2024 | 102279.52 | 15.72 | 10000.00
27. 9.2024 | 102295.23 | 15.72 | 10000.00
28. 9.2024 | 102310.95 | 15.73 | 10000.00
29. 9.2024 | 102326.68 | 15.73 | 10000.00
30. 9.2024 | 102342.41 | 15.73 | 10000.00
--------------------------------------
31.10.2024
--------------------------------------
   Datum  | Stav uctu | Urok | Vklad
--------------------------------------
 1.10.2024 | 102358.13 | 15.73 | 10000.00
 2.10.2024 | 102373.87 | 15.73 | 10000.00
 3.10.2024 | 102389.60 | 15.74 | 10000.00
 4.10.2024 | 102405.34 | 15.74 | 10000.00
 5.10.2024 | 102421.08 | 15.74 | 10000.00
 6.10.2024 | 102436.82 | 15.74 | 10000.00
 7.10.2024 | 102452.56 | 15.75 | 10000.00
 8.10.2024 | 102468.31 | 15.75 | 10000.00
 9.10.2024 | 102484.06 | 15.75 | 10000.00
10.10.2024 | 102499.81 | 15.75 | 10000.00
11.10.2024 | 102515.57 | 15.76 | 10000.00
12.10.2024 | 102531.33 | 15.76 | 10000.00
13.10.2024 | 102547.09 | 15.76 | 10000.00
14.10.2024 | 102562.84 | 15.76 | 10000.00
15.10.2024 | 102578.61 | 15.77 | 10000.00
16.10.2024 | 112594.38 | 17.31 | 10000.00
17.10.2024 | 112611.68 | 17.31 | 10000.00
18.10.2024 | 112628.98 | 17.31 | 10000.00
19.10.2024 | 112646.30 | 17.31 | 10000.00
20.10.2024 | 112663.61 | 17.32 | 10000.00
21.10.2024 | 112680.92 | 17.32 | 10000.00
22.10.2024 | 112698.24 | 17.32 | 10000.00
23.10.2024 | 112715.56 | 17.32 | 10000.00
24.10.2024 | 112732.89 | 17.33 | 10000.00
25.10.2024 | 112750.22 | 17.33 | 10000.00
26.10.2024 | 112767.55 | 17.33 | 10000.00
27.10.2024 | 112784.88 | 17.33 | 10000.00
28.10.2024 | 112802.22 | 17.34 | 10000.00
29.10.2024 | 112819.55 | 17.34 | 10000.00
30.10.2024 | 112836.90 | 17.34 | 10000.00
31.10.2024 | 112854.24 | 17.35 | 10000.00
--------------------------------------
30.11.2024
--------------------------------------
   Datum  | Stav uctu | Urok | Vklad
--------------------------------------
 1.11.2024 | 112871.59 | 17.35 | 10000.00
 2.11.2024 | 112888.94 | 17.35 | 10000.00
 3.11.2024 | 112906.29 | 17.35 | 10000.00
 4.11.2024 | 112923.64 | 17.36 | 10000.00
 5.11.2024 | 112941.00 | 17.36 | 10000.00
 6.11.2024 | 112958.36 | 17.36 | 10000.00
 7.11.2024 | 112975.72 | 17.36 | 10000.00
 8.11.2024 | 112993.09 | 17.37 | 10000.00
 9.11.2024 | 113010.45 | 17.37 | 10000.00
10.11.2024 | 113027.82 | 17.37 | 10000.00
11.11.2024 | 113045.20 | 17.37 | 10000.00
12.11.2024 | 113062.57 | 17.38 | 10000.00
13.11.2024 | 113079.95 | 17.38 | 10000.00
14.11.2024 | 113097.33 | 17.38 | 10000.00
15.11.2024 | 113114.71 | 17.39 | 10000.00
16.11.2024 | 123132.09 | 18.93 | 10000.00
17.11.2024 | 123151.02 | 18.93 | 10000.00
18.11.2024 | 123169.95 | 18.93 | 10000.00
19.11.2024 | 123188.88 | 18.93 | 10000.00
20.11.2024 | 123207.81 | 18.94 | 10000.00
21.11.2024 | 123226.75 | 18.94 | 10000.00
22.11.2024 | 123245.69 | 18.94 | 10000.00
23.11.2024 | 123264.63 | 18.95 | 10000.00
24.11.2024 | 123283.58 | 18.95 | 10000.00
25.11.2024 | 123302.52 | 18.95 | 10000.00
26.11.2024 | 123321.48 | 18.95 | 10000.00
27.11.2024 | 123340.43 | 18.96 | 10000.00
28.11.2024 | 123359.39 | 18.96 | 10000.00
29.11.2024 | 123378.35 | 18.96 | 10000.00
30.11.2024 | 123397.31 | 18.97 | 10000.00
--------------------------------------
31.12.2024
--------------------------------------
   Datum  | Stav uctu | Urok | Vklad
--------------------------------------
 1.12.2024 | 123416.28 | 18.97 | 10000.00
 2.12.2024 | 123435.25 | 18.97 | 10000.00
 3.12.2024 | 123454.22 | 18.97 | 10000.00
 4.12.2024 | 123473.20 | 18.98 | 10000.00
 5.12.2024 | 123492.17 | 18.98 | 10000.00
 6.12.2024 | 123511.16 | 18.98 | 10000.00
 7.12.2024 | 123530.14 | 18.99 | 10000.00
 8.12.2024 | 123549.12 | 18.99 | 10000.00
 9.12.2024 | 123568.12 | 18.99 | 10000.00
10.12.2024 | 123587.11 | 19.00 | 10000.00
11.12.2024 | 123606.10 | 19.00 | 10000.00
12.12.2024 | 123625.10 | 19.00 | 10000.00
13.12.2024 | 123644.10 | 19.00 | 10000.00
14.12.2024 | 123663.11 | 19.01 | 10000.00
15.12.2024 | 123682.12 | 19.01 | 10000.00
16.12.2024 | 133701.12 | 20.55 | 10000.00
17.12.2024 | 133721.67 | 20.55 | 10000.00
18.12.2024 | 133742.22 | 20.56 | 10000.00
19.12.2024 | 133762.78 | 20.56 | 10000.00
20.12.2024 | 133783.34 | 20.56 | 10000.00
21.12.2024 | 133803.91 | 20.57 | 10000.00
22.12.2024 | 133824.47 | 20.57 | 10000.00
23.12.2024 | 133845.03 | 20.57 | 10000.00
24.12.2024 | 133865.61 | 20.57 | 10000.00
25.12.2024 | 133886.19 | 20.58 | 10000.00
26.12.2024 | 133906.77 | 20.58 | 10000.00
27.12.2024 | 133927.34 | 20.58 | 10000.00
28.12.2024 | 133947.92 | 20.59 | 10000.00
29.12.2024 | 133968.52 | 20.59 | 10000.00
30.12.2024 | 133989.11 | 20.59 | 10000.00
31.12.2024 | 134009.70 | 20.60 | 10000.00
--------------------------------------
