31. 1.2024
--------------------------------------
Datum     | Stav uctu | Urok | Vklad
--------------------------------------
1.1.2024 | 1005.00 | 0.15 | 5000.00
2.1.2024 | 1005.15 | 0.15 | 5000.00
3.1.2024 | 1005.31 | 0.15 | 5000.00
4.1.2024 | 1005.46 | 0.15 | 5000.00
5.1.2024 | 1005.62 | 0.15 | 5000.00
6.1.2024 | 1005.77 | 0.15 | 5000.00
7.1.2024 | 1005.93 | 0.15 | 5000.00
8.1.2024 | 1006.08 | 0.15 | 5000.00
9.1.2024 | 1006.24 | 0.15 | 5000.00
10.1.2024 | 1006.39 | 0.15 | 5000.00
11.1.2024 | 1006.55 | 0.15 | 5000.00
12.1.2024 | 1006.70 | 0.15 | 5000.00
13.1.2024 | 1006.86 | 0.15 | 5000.00
14.1.2024 | 1007.01 | 0.15 | 5000.00
15.1.2024 | 1007.16 | 0.15 | 5000.00
16.1.2024 | 6007.32 | 0.92 | 5000.00
17.1.2024 | 6008.24 | 0.92 | 5000.00
18.1.2024 | 6009.17 | 0.92 | 5000.00
19.1.2024 | 6010.09 | 0.92 | 5000.00
20.1.2024 | 6011.01 | 0.92 | 5000.00
21.1.2024 | 6011.94 | 0.92 | 5000.00
22.1.2024 | 6012.86 | 0.92 | 5000.00
23.1.2024 | 6013.79 | 0.92 | 5000.00
24.1.2024 | 6014.71 | 0.92 | 5000.00
25.1.2024 | 6015.63 | 0.92 | 5000.00
26.1.2024 | 6016.56 | 0.92 | 5000.00
27.1.2024 | 6017.48 | 0.92 | 5000.00
28.1.2024 | 6018.41 | 0.93 | 5000.00
29.1.2024 | 6019.33 | 0.93 | 5000.00
30.1.2024 | 6020.26 | 0.93 | 5000.00
31.1.2024 | 6021.18 | 0.93 | 5000.00
--------------------------------------
29. 2.2024
--------------------------------------
Datum     | Stav uctu | Urok | Vklad
--------------------------------------
1.2.2024 | 6022.11 | 0.93 | 5000.00
2.2.2024 | 6023.04 | 0.93 | 5000.00
3.2.2024 | 6023.96 | 0.93 | 5000.00
4.2.2024 | 6024.89 | 0.93 | 5000.00
5.2.2024 | 6025.81 | 0.93 | 5000.00
6.2.2024 | 6026.74 | 0.93 | 5000.00
7.2.2024 | 6027.67 | 0.93 | 5000.00
8.2.2024 | 6028.59 | 0.93 | 5000.00
9.2.2024 | 6029.52 | 0.93 | 5000.00
10.2.2024 | 6030.44 | 0.93 | 5000.00
11.2.2024 | 6031.37 | 0.93 | 5000.00
12.2.2024 | 6032.30 | 0.93 | 5000.00
13.2.2024 | 6033.23 | 0.93 | 5000.00
14.2.2024 | 6034.15 | 0.93 | 5000.00
15.2.2024 | 6035.08 | 0.93 | 5000.00
16.2.2024 | 11036.01 | 1.70 | 5000.00
17.2.2024 | 11037.70 | 1.70 | 5000.00
18.2.2024 | 11039.40 | 1.70 | 5000.00
19.2.2024 | 11041.10 | 1.70 | 5000.00
20.2.2024 | 11042.79 | 1.70 | 5000.00
21.2.2024 | 11044.49 | 1.70 | 5000.00
22.2.2024 | 11046.19 | 1.70 | 5000.00
23.2.2024 | 11047.89 | 1.70 | 5000.00
24.2.2024 | 11049.58 | 1.70 | 5000.00
25.2.2024 | 11051.28 | 1.70 | 5000.00
26.2.2024 | 11052.98 | 1.70 | 5000.00
27.2.2024 | 11054.68 | 1.70 | 5000.00
28.2.2024 | 11056.38 | 1.70 | 5000.00
29.2.2024 | 11058.08 | 1.70 | 5000.00
--------------------------------------
31. 3.2024
--------------------------------------
Datum     | Stav uctu | Urok | Vklad
--------------------------------------
1.3.2024 | 11059.78 | 1.70 | 5000.00
2.3.2024 | 11061.48 | 1.70 | 5000.00
3.3.2024 | 11063.18 | 1.70 | 5000.00
4.3.2024 | 11064.88 | 1.70 | 5000.00
5.3.2024 | 11066.58 | 1.70 | 5000.00
6.3.2024 | 11068.28 | 1.70 | 5000.00
7.3.2024 | 11069.98 | 1.70 | 5000.00
8.3.2024 | 11071.68 | 1.70 | 5000.00
9.3.2024 | 11073.38 | 1.70 | 5000.00
10.3.2024 | 11075.09 | 1.70 | 5000.00
11.3.2024 | 11076.79 | 1.70 | 5000.00
12.3.2024 | 11078.49 | 1.70 | 5000.00
13.3.2024 | 11080.19 | 1.70 | 5000.00
14.3.2024 | 11081.90 | 1.70 | 5000.00
15.3.2024 | 11083.60 | 1.70 | 5000.00
16.3.2024 | 16085.30 | 2.47 | 5000.00
17.3.2024 | 16087.78 | 2.47 | 5000.00
18.3.2024 | 16090.25 | 2.47 | 5000.00
19.3.2024 | 16092.72 | 2.47 | 5000.00
20.3.2024 | 16095.20 | 2.47 | 5000.00
21.3.2024 | 16097.67 | 2.47 | 5000.00
22.3.2024 | 16100.14 | 2.47 | 5000.00
23.3.2024 | 16102.62 | 2.47 | 5000.00
24.3.2024 | 16105.09 | 2.48 | 5000.00
25.3.2024 | 16107.57 | 2.48 | 5000.00
26.3.2024 | 16110.04 | 2.48 | 5000.00
27.3.2024 | 16112.52 | 2.48 | 5000.00
28.3.2024 | 16115.00 | 2.48 | 5000.00
29.3.2024 | 16117.47 | 2.48 | 5000.00
30.3.2024 | 16119.95 | 2.48 | 5000.00
31.3.2024 | 16122.43 | 2.48 | 5000.00
--------------------------------------
30. 4.2024
--------------------------------------
Datum     | Stav uctu | Urok | Vklad
--------------------------------------
1.4.2024 | 16124.91 | 2.48 | 5000.00
2.4.2024 | 16127.38 | 2.48 | 5000.00
3.4.2024 | 16129.86 | 2.48 | 5000.00
4.4.2024 | 16132.34 | 2.48 | 5000.00
5.4.2024 | 16134.82 | 2.48 | 5000.00
6.4.2024 | 16137.30 | 2.48 | 5000.00
7.4.2024 | 16139.78 | 2.48 | 5000.00
8.4.2024 | 16142.26 | 2.48 | 5000.00
9.4.2024 | 16144.74 | 2.48 | 5000.00
10.4.2024 | 16147.23 | 2.48 | 5000.00
11.4.2024 | 16149.71 | 2.48 | 5000.00
12.4.2024 | 16152.19 | 2.48 | 5000.00
13.4.2024 | 16154.67 | 2.48 | 5000.00
14.4.2024 | 16157.16 | 2.48 | 5000.00
15.4.2024 | 16159.64 | 2.48 | 5000.00
16.4.2024 | 21162.12 | 3.25 | 5000.00
17.4.2024 | 21165.37 | 3.25 | 5000.00
18.4.2024 | 21168.63 | 3.25 | 5000.00
19.4.2024 | 21171.88 | 3.25 | 5000.00
20.4.2024 | 21175.13 | 3.25 | 5000.00
21.4.2024 | 21178.39 | 3.26 | 5000.00
22.4.2024 | 21181.64 | 3.26 | 5000.00
23.4.2024 | 21184.90 | 3.26 | 5000.00
24.4.2024 | 21188.16 | 3.26 | 5000.00
25.4.2024 | 21191.41 | 3.26 | 5000.00
26.4.2024 | 21194.67 | 3.26 | 5000.00
27.4.2024 | 21197.93 | 3.26 | 5000.00
28.4.2024 | 21201.19 | 3.26 | 5000.00
29.4.2024 | 21204.44 | 3.26 | 5000.00
30.4.2024 | 21207.70 | 3.26 | 5000.00
--------------------------------------
31. 5.2024
--------------------------------------
Datum     | Stav uctu | Urok | Vklad
--------------------------------------
1.5.2024 | 21210.96 | 3.26 | 5000.00
2.5.2024 | 21214.22 | 3.26 | 5000.00
3.5.2024 | 21217.48 | 3.26 | 5000.00
4.5.2024 | 21220.74 | 3.26 | 5000.00
5.5.2024 | 21224.01 | 3.26 | 5000.00
6.5.2024 | 21227.27 | 3.26 | 5000.00
7.5.2024 | 21230.53 | 3.26 | 5000.00
8.5.2024 | 21233.79 | 3.26 | 5000.00
9.5.2024 | 21237.06 | 3.26 | 5000.00
10.5.2024 | 21240.32 | 3.26 | 5000.00
11.5.2024 | 21243.58 | 3.27 | 5000.00
12.5.2024 | 21246.85 | 3.27 | 5000.00
13.5.2024 | 21250.12 | 3.27 | 5000.00
14.5.2024 | 21253.38 | 3.27 | 5000.00
15.5.2024 | 21256.65 | 3.27 | 5000.00
16.5.2024 | 26259.92 | 4.04 | 5000.00
17.5.2024 | 26263.95 | 4.04 | 5000.00
18.5.2024 | 26267.99 | 4.04 | 5000.00
19.5.2024 | 26272.03 | 4.04 | 5000.00
20.5.2024 | 26276.06 | 4.04 | 5000.00
21.5.2024 | 26280.10 | 4.04 | 5000.00
22.5.2024 | 26284.14 | 4.04 | 5000.00
23.5.2024 | 26288.18 | 4.04 | 5000.00
24.5.2024 | 26292.22 | 4.04 | 5000.00
25.5.2024 | 26296.26 | 4.04 | 5000.00
26.5.2024 | 26300.30 | 4.04 | 5000.00
27.5.2024 | 26304.35 | 4.04 | 5000.00
28.5.2024 | 26308.39 | 4.04 | 5000.00
29.5.2024 | 26312.43 | 4.04 | 5000.00
30.5.2024 | 26316.48 | 4.04 | 5000.00
31.5.2024 | 26320.52 | 4.05 | 5000.00
--------------------------------------
30. 6.2024
--------------------------------------
Datum     | Stav uctu | Urok | Vklad
--------------------------------------
1.6.2024 | 26324.57 | 4.05 | 5000.00
2.6.2024 | 26328.61 | 4.05 | 5000.00
3.6.2024 | 26332.66 | 4.05 | 5000.00
4.6.2024 | 26336.71 | 4.05 | 5000.00
5.6.2024 | 26340.76 | 4.05 | 5000.00
6.6.2024 | 26344.80 | 4.05 | 5000.00
7.6.2024 | 26348.85 | 4.05 | 5000.00
8.6.2024 | 26352.90 | 4.05 | 5000.00
9.6.2024 | 26356.95 | 4.05 | 5000.00
10.6.2024 | 26361.00 | 4.05 | 5000.00
11.6.2024 | 26365.05 | 4.05 | 5000.00
12.6.2024 | 26369.11 | 4.05 | 5000.00
13.6.2024 | 26373.16 | 4.05 | 5000.00
14.6.2024 | 26377.21 | 4.05 | 5000.00
15.6.2024 | 26381.27 | 4.05 | 5000.00
16.6.2024 | 31385.32 | 4.82 | 5000.00
17.6.2024 | 31390.15 | 4.82 | 5000.00
18.6.2024 | 31394.97 | 4.83 | 5000.00
19.6.2024 | 31399.80 | 4.83 | 5000.00
20.6.2024 | 31404.62 | 4.83 | 5000.00
21.6.2024 | 31409.45 | 4.83 | 5000.00
22.6.2024 | 31414.28 | 4.83 | 5000.00
23.6.2024 | 31419.11 | 4.83 | 5000.00
24.6.2024 | 31423.93 | 4.83 | 5000.00
25.6.2024 | 31428.76 | 4.83 | 5000.00
26.6.2024 | 31433.59 | 4.83 | 5000.00
27.6.2024 | 31438.43 | 4.83 | 5000.00
28.6.2024 | 31443.26 | 4.83 | 5000.00
29.6.2024 | 31448.09 | 4.83 | 5000.00
30.6.2024 | 31452.92 | 4.83 | 5000.00
--------------------------------------
31. 7.2024
--------------------------------------
Datum     | Stav uctu | Urok | Vklad
--------------------------------------
1.7.2024 | 31457.76 | 4.84 | 5000.00
2.7.2024 | 31462.59 | 4.84 | 5000.00
3.7.2024 | 31467.43 | 4.84 | 5000.00
4.7.2024 | 31472.27 | 4.84 | 5000.00
5.7.2024 | 31477.10 | 4.84 | 5000.00
6.7.2024 | 31481.94 | 4.84 | 5000.00
7.7.2024 | 31486.78 | 4.84 | 5000.00
8.7.2024 | 31491.62 | 4.84 | 5000.00
9.7.2024 | 31496.46 | 4.84 | 5000.00
10.7.2024 | 31501.30 | 4.84 | 5000.00
11.7.2024 | 31506.14 | 4.84 | 5000.00
12.7.2024 | 31510.98 | 4.84 | 5000.00
13.7.2024 | 31515.83 | 4.84 | 5000.00
14.7.2024 | 31520.67 | 4.84 | 5000.00
15.7.2024 | 31525.52 | 4.85 | 5000.00
16.7.2024 | 36530.36 | 5.61 | 5000.00
17.7.2024 | 36535.97 | 5.62 | 5000.00
18.7.2024 | 36541.59 | 5.62 | 5000.00
19.7.2024 | 36547.21 | 5.62 | 5000.00
20.7.2024 | 36552.82 | 5.62 | 5000.00
21.7.2024 | 36558.44 | 5.62 | 5000.00
22.7.2024 | 36564.06 | 5.62 | 5000.00
23.7.2024 | 36569.68 | 5.62 | 5000.00
24.7.2024 | 36575.30 | 5.62 | 5000.00
25.7.2024 | 36580.92 | 5.62 | 5000.00
26.7.2024 | 36586.54 | 5.62 | 5000.00
27.7.2024 | 36592.17 | 5.62 | 5000.00
28.7.2024 | 36597.79 | 5.63 | 5000.00
29.7.2024 | 36603.42 | 5.63 | 5000.00
30.7.2024 | 36609.04 | 5.63 | 5000.00
31.7.2024 | 36614.67 | 5.63 | 5000.00
--------------------------------------
31. 8.2024
--------------------------------------
Datum     | Stav uctu | Urok | Vklad
--------------------------------------
1.8.2024 | 36620.30 | 5.63 | 5000.00
2.8.2024 | 36625.93 | 5.63 | 5000.00
3.8.2024 | 36631.55 | 5.63 | 5000.00
4.8.2024 | 36637.18 | 5.63 | 5000.00
5.8.2024 | 36642.82 | 5.63 | 5000.00
6.8.2024 | 36648.45 | 5.63 | 5000.00
7.8.2024 | 36654.08 | 5.63 | 5000.00
8.8.2024 | 36659.71 | 5.63 | 5000.00
9.8.2024 | 36665.35 | 5.64 | 5000.00
10.8.2024 | 36670.98 | 5.64 | 5000.00
11.8.2024 | 36676.62 | 5.64 | 5000.00
12.8.2024 | 36682.26 | 5.64 | 5000.00
13.8.2024 | 36687.89 | 5.64 | 5000.00
14.8.2024 | 36693.54 | 5.64 | 5000.00
15.8.2024 | 36699.18 | 5.64 | 5000.00
16.8.2024 | 41704.82 | 6.41 | 5000.00
17.8.2024 | 41711.23 | 6.41 | 5000.00
18.8.2024 | 41717.64 | 6.41 | 5000.00
19.8.2024 | 41724.05 | 6.41 | 5000.00
20.8.2024 | 41730.46 | 6.41 | 5000.00
21.8.2024 | 41736.88 | 6.41 | 5000.00
22.8.2024 | 41743.29 | 6.42 | 5000.00
23.8.2024 | 41749.70 | 6.42 | 5000.00
24.8.2024 | 41756.12 | 6.42 | 5000.00
25.8.2024 | 41762.54 | 6.42 | 5000.00
26.8.2024 | 41768.96 | 6.42 | 5000.00
27.8.2024 | 41775.38 | 6.42 | 5000.00
28.8.2024 | 41781.80 | 6.42 | 5000.00
29.8.2024 | 41788.22 | 6.42 | 5000.00
30.8.2024 | 41794.64 | 6.42 | 5000.00
31.8.2024 | 41801.06 | 6.42 | 5000.00
--------------------------------------
30. 9.2024
--------------------------------------
Datum     | Stav uctu | Urok | Vklad
--------------------------------------
1.9.2024 | 41807.49 | 6.43 | 5000.00
2.9.2024 | 41813.91 | 6.43 | 5000.00
3.9.2024 | 41820.34 | 6.43 | 5000.00
4.9.2024 | 41826.77 | 6.43 | 5000.00
5.9.2024 | 41833.20 | 6.43 | 5000.00
6.9.2024 | 41839.62 | 6.43 | 5000.00
7.9.2024 | 41846.05 | 6.43 | 5000.00
8.9.2024 | 41852.49 | 6.43 | 5000.00
9.9.2024 | 41858.92 | 6.43 | 5000.00
10.9.2024 | 41865.36 | 6.43 | 5000.00
11.9.2024 | 41871.79 | 6.44 | 5000.00
12.9.2024 | 41878.23 | 6.44 | 5000.00
13.9.2024 | 41884.66 | 6.44 | 5000.00
14.9.2024 | 41891.10 | 6.44 | 5000.00
15.9.2024 | 41897.54 | 6.44 | 5000.00
16.9.2024 | 46903.98 | 7.21 | 5000.00
17.9.2024 | 46911.19 | 7.21 | 5000.00
18.9.2024 | 46918.40 | 7.21 | 5000.00
19.9.2024 | 46925.61 | 7.21 | 5000.00
20.9.2024 | 46932.82 | 7.21 | 5000.00
21.9.2024 | 46940.04 | 7.21 | 5000.00
22.9.2024 | 46947.25 | 7.22 | 5000.00
23.9.2024 | 46954.47 | 7.22 | 5000.00
24.9.2024 | 46961.69 | 7.22 | 5000.00
25.9.2024 | 46968.91 | 7.22 | 5000.00
26.9.2024 | 46976.12 | 7.22 | 5000.00
27.9.2024 | 46983.34 | 7.22 | 5000.00
28.9.2024 | 46990.57 | 7.22 | 5000.00
29.9.2024 | 46997.79 | 7.22 | 5000.00
30.9.2024 | 47005.01 | 7.22 | 5000.00
--------------------------------------
31.10.2024
--------------------------------------
Datum     | Stav uctu | Urok | Vklad
--------------------------------------
1.10.2024 | 47012.23 | 7.23 | 5000.00
2.10.2024 | 47019.46 | 7.23 | 5000.00
3.10.2024 | 47026.69 | 7.23 | 5000.00
4.10.2024 | 47033.91 | 7.23 | 5000.00
5.10.2024 | 47041.14 | 7.23 | 5000.00
6.10.2024 | 47048.38 | 7.23 | 5000.00
7.10.2024 | 47055.61 | 7.23 | 5000.00
8.10.2024 | 47062.84 | 7.23 | 5000.00
9.10.2024 | 47070.07 | 7.23 | 5000.00
10.10.2024 | 47077.30 | 7.24 | 5000.00
11.10.2024 | 47084.54 | 7.24 | 5000.00
12.10.2024 | 47091.78 | 7.24 | 5000.00
13.10.2024 | 47099.02 | 7.24 | 5000.00
14.10.2024 | 47106.25 | 7.24 | 5000.00
15.10.2024 | 47113.49 | 7.24 | 5000.00
16.10.2024 | 52120.73 | 8.01 | 5000.00
17.10.2024 | 52128.75 | 8.01 | 5000.00
18.10.2024 | 52136.76 | 8.01 | 5000.00
19.10.2024 | 52144.77 | 8.01 | 5000.00
20.10.2024 | 52152.79 | 8.02 | 5000.00
21.10.2024 | 52160.80 | 8.02 | 5000.00
22.10.2024 | 52168.82 | 8.02 | 5000.00
23.10.2024 | 52176.84 | 8.02 | 5000.00
24.10.2024 | 52184.86 | 8.02 | 5000.00
25.10.2024 | 52192.88 | 8.02 | 5000.00
26.10.2024 | 52200.90 | 8.02 | 5000.00
27.10.2024 | 52208.92 | 8.02 | 5000.00
28.10.2024 | 52216.95 | 8.03 | 5000.00
29.10.2024 | 52224.97 | 8.03 | 5000.00
30.10.2024 | 52233.00 | 8.03 | 5000.00
31.10.2024 | 52241.03 | 8.03 | 5000.00
--------------------------------------
30.11.2024
--------------------------------------
Datum     | Stav uctu | Urok | Vklad
--------------------------------------
1.11.2024 | 52249.06 | 8.03 | 5000.00
2.11.2024 | 52257.09 | 8.03 | 5000.00
3.11.2024 | 52265.12 | 8.03 | 5000.00
4.11.2024 | 52273.15 | 8.03 | 5000.00
5.11.2024 | 52281.19 | 8.04 | 5000.00
6.11.2024 | 52289.22 | 8.04 | 5000.00
7.11.2024 | 52297.26 | 8.04 | 5000.00
8.11.2024 | 52305.30 | 8.04 | 5000.00
9.11.2024 | 52313.34 | 8.04 | 5000.00
10.11.2024 | 52321.38 | 8.04 | 5000.00
11.11.2024 | 52329.42 | 8.04 | 5000.00
12.11.2024 | 52337.46 | 8.04 | 5000.00
13.11.2024 | 52345.50 | 8.05 | 5000.00
14.11.2024 | 52353.55 | 8.05 | 5000.00
15.11.2024 | 52361.60 | 8.05 | 5000.00
16.11.2024 | 57369.64 | 8.82 | 5000.00
17.11.2024 | 57378.46 | 8.82 | 5000.00
18.11.2024 | 57387.28 | 8.82 | 5000.00
19.11.2024 | 57396.10 | 8.82 | 5000.00
20.11.2024 | 57404.92 | 8.82 | 5000.00
21.11.2024 | 57413.75 | 8.82 | 5000.00
22.11.2024 | 57422.57 | 8.83 | 5000.00
23.11.2024 | 57431.39 | 8.83 | 5000.00
24.11.2024 | 57440.22 | 8.83 | 5000.00
25.11.2024 | 57449.05 | 8.83 | 5000.00
26.11.2024 | 57457.88 | 8.83 | 5000.00
27.11.2024 | 57466.71 | 8.83 | 5000.00
28.11.2024 | 57475.54 | 8.83 | 5000.00
29.11.2024 | 57484.38 | 8.84 | 5000.00
30.11.2024 | 57493.21 | 8.84 | 5000.00
--------------------------------------
31.12.2024
--------------------------------------
Datum     | Stav uctu | Urok | Vklad
--------------------------------------
1.12.2024 | 57502.05 | 8.84 | 5000.00
2.12.2024 | 57510.89 | 8.84 | 5000.00
3.12.2024 | 57519.73 | 8.84 | 5000.00
4.12.2024 | 57528.57 | 8.84 | 5000.00
5.12.2024 | 57537.41 | 8.84 | 5000.00
6.12.2024 | 57546.25 | 8.84 | 5000.00
7.12.2024 | 57555.10 | 8.85 | 5000.00
8.12.2024 | 57563.95 | 8.85 | 5000.00
9.12.2024 | 57572.79 | 8.85 | 5000.00
10.12.2024 | 57581.64 | 8.85 | 5000.00
11.12.2024 | 57590.49 | 8.85 | 5000.00
12.12.2024 | 57599.34 | 8.85 | 5000.00
13.12.2024 | 57608.20 | 8.85 | 5000.00
14.12.2024 | 57617.05 | 8.86 | 5000.00
15.12.2024 | 57625.91 | 8.86 | 5000.00
16.12.2024 | 62634.76 | 9.63 | 5000.00
17.12.2024 | 62644.39 | 9.63 | 5000.00
18.12.2024 | 62654.02 | 9.63 | 5000.00
19.12.2024 | 62663.64 | 9.63 | 5000.00
20.12.2024 | 62673.28 | 9.63 | 5000.00
21.12.2024 | 62682.91 | 9.63 | 5000.00
22.12.2024 | 62692.54 | 9.64 | 5000.00
23.12.2024 | 62702.18 | 9.64 | 5000.00
24.12.2024 | 62711.82 | 9.64 | 5000.00
25.12.2024 | 62721.46 | 9.64 | 5000.00
26.12.2024 | 62731.10 | 9.64 | 5000.00
27.12.2024 | 62740.74 | 9.64 | 5000.00
28.12.2024 | 62750.38 | 9.64 | 5000.00
29.12.2024 | 62760.03 | 9.65 | 5000.00
30.12.2024 | 62769.67 | 9.65 | 5000.00
31.12.2024 | 62779.32 | 9.65 | 5000.00
--------------------------------------
